12345678
11 1.0 0.0 1.0 0.0
12 0.0 1.0 1.0 0.0
13 -1.0 0.0 1.0 0.0



23473289
21 0.0 0.0 1.0 0.0
22 0.0 1.0 1.0 0.0
24 0.0 0.0 1.0 90.023456789
21 1.0 0.0 1.0 0.0
22 0.0 1.0 1.0 0.0
24 0.0 0.0 1.0 90.0

34567890
11 1.0 0.0 1.0 0.0
12 0.0 1.0 1.0 0.0
13 -1.0 0.0 2.0 60.0

45678901
48 0.0 1.0 1.0 0.0
49 1.0 0.0 1.0 0.0
50 1.0 1.0 2.0 90.0

56789012
51 10.0 10.0 1.41421356 0.0
52 0.0 0.0 12.727922 0.0
53 -1.0 0.0 13.45362404 0.0

67890123
51 10.0 10.0 1.732050807 35.26
54 8.0 8.0 1.41421356 0.0
55 9.0 0.0 9.0 0.0
